79235168
164916224
459165024
7339040224
1024
16807
3125
7339040224
164916224
6436343
20511149
14348907
7962624
371293
24300000
248832
20511149
1889568
7962624
6436343
7339040224
20511149
7962624
7339040224
79235168
14348907
45435424
9765625
20511149
7962624
1048576
14348907
100000
9765625
1419857
45435424
2373046875
7339040224
60466176
17210368
17210368
1889568
1048576
6436343
5153632
537824
6436343
20511149
7339040224
243
7339040224
1564031349
459165024
9765625
14348907
1889568
6436343
1048576
7339040224
32
0
32
1
1680700000
7339040224
164916224
759375
7339040224
45435424
7962624
24300000
7339040224
1419857
100000
28629151
537824
7339040224
248832
7962624
5153632
537824
7339040224
20511149
1419857
1889568
17210368
7339040224
759375
100000
14348907
7339040224
20511149
1419857
537824
6436343
7339040224
45435424
7962624
24300000
7339040224
3200000
6436343
7962624
33554432
7339040224
1419857
7962624
33554432
7339040224
418195493
459165024
60466176
7339040224
33554432
7962624
14348907
3200000
17210368
2373046875
7339040224
115856201
7962624
14348907
7339040224
20511149
1419857
1889568
17210368
7339040224
100000
17210368
17210368
1889568
1048576
6436343
5153632
537824
6436343
20511149
2073071593
7339040224
45435424
7962624
24300000
7339040224
1419857
100000
28629151
537824
7339040224
20511149
7962624
7339040224
17210368
24300000
161051
5153632
1889568
20511149
7339040224
20511149
33554432
7962624
7339040224
759375
1889568
4084101
537824
17210368
2373046875
7339040224
503284375
1419857
537824
7339040224
759375
1889568
14348907
17210368
20511149
7339040224
759375
1889568
4084101
537824
7339040224
1889568
17210368
7339040224
20511149
1419857
1889568
17210368
7339040224
371293
537824
248832
14348907
45435424
9765625
20511149
537824
371293
7339040224
759375
1889568
4084101
537824
2373046875
7339040224
115856201
7962624
14348907
7339040224
20511149
1419857
537824
7339040224
17210368
537824
248832
7962624
6436343
371293
7339040224
759375
1889568
4084101
537824
2706784157
7339040224
9765625
14348907
7962624
28629151
1889568
371293
537824
7339040224
45435424
7962624
24300000
14348907
7339040224
7962624
33554432
6436343
7339040224
1889568
5153632
9765625
4084101
537824
5153632
537824
6436343
20511149
100000
20511149
1889568
7962624
6436343
7339040224
7962624
759375
7339040224
20511149
1419857
537824
7339040224
418195493
459165024
60466176
7339040224
248832
14348907
45435424
9765625
20511149
7962624
7339040224
17210368
45435424
17210368
20511149
537824
5153632
7339040224
1889568
6436343
7339040224
100000
6436343
45435424
7339040224
9765625
14348907
7962624
1048576
14348907
100000
5153632
5153632
1889568
6436343
1048576
7339040224
4084101
100000
6436343
1048576
24300000
100000
1048576
537824
7339040224
7962624
759375
7339040224
45435424
7962624
24300000
14348907
7339040224
248832
1419857
7962624
1889568
248832
537824
2373046875
7339040224
60466176
4084101
4084101
7962624
33554432
7339040224
20511149
1419857
537824
7339040224
24300000
17210368
537824
14348907
7339040224
100000
7339040224
759375
14348907
537824
537824
371293
7962624
5153632
7339040224
20511149
7962624
7339040224
248832
1419857
7962624
7962624
17210368
537824
7339040224
20511149
1419857
537824
7339040224
161051
1889568
20511149
2219006624
4084101
537824
6436343
1048576
20511149
1419857
7339040224
759375
7962624
14348907
7339040224
20511149
1419857
537824
1889568
14348907
7339040224
9765625
14348907
1889568
5153632
537824
7339040224
6436343
24300000
5153632
161051
537824
14348907
17210368
2373046875
7339040224
777600000
7962624
24300000
14348907
7339040224
17210368
45435424
17210368
20511149
537824
5153632
7339040224
17210368
1419857
7962624
24300000
4084101
371293
7339040224
537824
6436343
248832
14348907
45435424
9765625
20511149
7339040224
7962624
6436343
4084101
45435424
7339040224
17210368
1889568
6436343
1048576
4084101
537824
7339040224
60466176
459165024
79235168
164916224
164916224
7339040224
248832
1419857
100000
14348907
100000
248832
20511149
537824
14348907
17210368
7339040224
759375
14348907
7962624
5153632
7339040224
20511149
537824
39135393
20511149
7339040224
759375
1889568
4084101
537824
17210368
7339040224
33554432
1889568
20511149
1419857
7962624
24300000
20511149
7339040224
17210368
100000
4084101
20511149
1889568
6436343
1048576
2373046875
7339040224
777600000
7962624
24300000
14348907
7339040224
9765625
14348907
7962624
1048576
14348907
100000
5153632
7339040224
17210368
1419857
7962624
24300000
4084101
371293
7339040224
20511149
100000
3200000
537824
7339040224
759375
7962624
24300000
14348907
7339040224
1889568
6436343
9765625
24300000
20511149
7339040224
9765625
100000
14348907
100000
5153632
537824
20511149
537824
14348907
17210368
2706784157
7339040224
100000
7339040224
9765625
4084101
100000
1889568
6436343
20511149
537824
39135393
20511149
7339040224
759375
1889568
4084101
537824
6436343
100000
5153632
537824
2073071593
7339040224
100000
7339040224
248832
1889568
9765625
1419857
537824
14348907
7339040224
20511149
537824
39135393
20511149
7339040224
759375
1889568
4084101
537824
6436343
100000
5153632
537824
2073071593
7339040224
100000
6436343
371293
7339040224
100000
7339040224
759375
1889568
4084101
537824
6436343
100000
5153632
537824
7339040224
759375
7962624
14348907
7339040224
20511149
1419857
537824
7339040224
371293
537824
248832
14348907
45435424
9765625
20511149
537824
371293
7339040224
20511149
537824
39135393
20511149
2073071593
7339040224
100000
6436343
371293
7339040224
100000
7339040224
161051
1889568
20511149
2219006624
4084101
537824
6436343
1048576
20511149
1419857
7339040224
9765625
100000
14348907
100000
5153632
537824
20511149
537824
14348907
2373046875
7339040224
503284375
1419857
537824
7339040224
248832
1889568
9765625
1419857
537824
14348907
7339040224
20511149
537824
39135393
20511149
7339040224
17210368
1419857
7962624
24300000
4084101
371293
7339040224
161051
537824
7339040224
100000
6436343
7339040224
60466176
459165024
79235168
164916224
164916224
7339040224
759375
1889568
4084101
537824
7339040224
20511149
1419857
100000
20511149
7339040224
1889568
17210368
7339040224
100000
7339040224
17210368
537824
11881376
24300000
537824
6436343
248832
537824
7339040224
7962624
759375
7339040224
6436343
24300000
5153632
161051
537824
14348907
17210368
7339040224
17210368
537824
9765625
100000
14348907
100000
20511149
537824
371293
7339040224
161051
45435424
7339040224
6436343
537824
33554432
4084101
1889568
6436343
537824
17210368
2373046875
7339040224
459165024
7962624
7339040224
33554432
1419857
100000
20511149
7339040224
20511149
7962624
7339040224
17210368
24300000
161051
5153632
1889568
20511149
2706784157
7339040224
45435424
7962624
24300000
7339040224
1419857
100000
28629151
537824
7339040224
20511149
7962624
7339040224
537824
6436343
248832
14348907
45435424
9765625
20511149
7339040224
20511149
1419857
1889568
17210368
7339040224
759375
1889568
4084101
537824
7339040224
24300000
17210368
1889568
6436343
1048576
7339040224
45435424
7962624
24300000
14348907
7339040224
7962624
33554432
6436343
7339040224
1889568
5153632
9765625
4084101
537824
5153632
537824
6436343
20511149
100000
20511149
1889568
7962624
6436343
7339040224
7962624
759375
7339040224
418195493
459165024
60466176
7339040224
100000
6436343
371293
7339040224
17210368
537824
6436343
371293
7339040224
5153632
537824
7339040224
20511149
1419857
537824
7339040224
371293
537824
248832
14348907
45435424
9765625
20511149
537824
371293
7339040224
759375
1889568
4084101
537824
7339040224
100000
4084101
7962624
6436343
1048576
7339040224
33554432
1889568
20511149
1419857
7339040224
20511149
1419857
537824
7339040224
418195493
459165024
60466176
7339040224
5153632
7962624
371293
24300000
4084101
24300000
17210368
7339040224
100000
6436343
371293
7339040224
20511149
1419857
537824
7339040224
17210368
537824
248832
14348907
537824
20511149
7339040224
537824
39135393
9765625
7962624
6436343
537824
6436343
20511149
7339040224
14348907
537824
11881376
24300000
1889568
14348907
537824
371293
7339040224
20511149
7962624
7339040224
371293
537824
248832
14348907
45435424
9765625
20511149
7339040224
20511149
1419857
537824
7339040224
759375
1889568
4084101
537824
7339040224
17210368
7962624
7339040224
164916224
7339040224
248832
100000
6436343
7339040224
371293
537824
248832
14348907
45435424
9765625
20511149
7339040224
1889568
20511149
7339040224
9765625
14348907
7962624
9765625
537824
14348907
4084101
45435424
2373046875
7339040224
164916224
759375
7339040224
45435424
7962624
24300000
7339040224
1419857
100000
28629151
537824
7339040224
100000
6436343
45435424
7339040224
11881376
24300000
537824
17210368
20511149
1889568
7962624
6436343
17210368
7339040224
371293
7962624
6436343
1453933568
20511149
7339040224
1419857
537824
17210368
1889568
20511149
100000
20511149
537824
7339040224
20511149
7962624
7339040224
100000
17210368
3200000
7339040224
5153632
537824
2373046875
7339040224
418195493
459165024
60466176
7339040224
100000
17210368
17210368
1889568
1048576
6436343
5153632
537824
6436343
20511149
7339040224
1889568
17210368
7339040224
371293
24300000
537824
7339040224
60466176
9765625
14348907
1889568
4084101
7339040224
7776
20511149
1419857
7339040224
5153632
1889568
371293
6436343
1889568
1048576
1419857
20511149
2373046875
8153726976
8153726976
